R1 = 1.2e+3;
R2 = 2.2e+3;
R3 = 2.7e+3;
R4 = 3.3e+3;
R5 = 3.9e+3;
R6 = 3.9e+3;
Vs = 10;
Req1 = R1 + R2;
I1 = Vs/Req1
V1 = R1 * I1
V2 = R2 * I1