R1 = [10e3; 30e3; 51e3; 75e3; 100e3];
R2 = [51; 100; 270; 430; 510];
Rvm=100e3;
Ram=100;
Vs = 2;
Rs = 100;
I2 = (Vs./(R2+Rs)) 
I2L = (Vs./(Rs+Ram+R2))
E2 = (I2L-I2)./I2 * 100
Ram2 = (Vs./I2L)-Rs-R2