R1 = 1.2e+3;
R2 = 2.2e+3;
R3 = 2.7e+3;
R4 = 3.3e+3;
R5 = 3.9e+3;
R6 = 3.9e+3;
Vs = 10; 
Req = R1+1/(1/R2 + 1/(R3+1/(1/R4+ 1/(R5+R6))))
I1 = Vs/Req
V1 = I1 * R1
V2 = Vs-V1
I2 = V2/R2
I3 = I1-I2
V3 = I3 * R3
V4 = V2-V3
I4 = V4/R4
I5 = I3-I4
V5 = I5 * R5
I6 = I5
V6 = V5

