C1 = 1.059e-6;
C2 = 1.49e-6;
C3 = 5.03e-6;
C = 1.059e-6;
R1 = 100.2;
R2 = 200.2;
R3 = 399.9;
Vs=2;
Ceq = 1/(1/C1+1/C2+1/C3);
V1 = Vs *(Ceq/C1)
V2 = Vs *(Ceq/C2)
V3 = Vs *(Ceq/C3)
t_R1 = C * R1
t_R2 = C * R2
t_R3 = C * R3
